Index   Name    Chr Position    Ref_C57BL/6J    B6 WT   ZH3 Ngsk    GFP ZH1 Rkn ZH2 Edbg    129/Ola Ref_129S6/SvEvTac-1_1419-4a.GType
2   rs6269442   1   3495168 1   1   1   1   1   1   1   0   0   0   0
5   rs3684358   1   8111551 1   1   1   1   1   1   1   0   0   NA  0
6   rs3716083   1   9092463 1   1   1   1   1   1   1   0   0   0   0
8   rs13475729  1   12981709    1   1   1   1   1   1   1   0   0   0   0
9   rs3671256   1   16443156    1   1   1   1   1   1   1   0   0   0   0
10  rs13475745  1   17512198    1   1   1   1   1   1   1   0   0   0   0
11  rs13475750  1   19680103    1   1   1   1   1   1   1   0   0   0   0
12  rs6404446   1   20994482    1   1   1   1   1   1   1   0   0   0   0
13  mCV23695025 1   22386585    1   1   1   1   1   1   1   0   0   0   0
17  rs3677683   1   27510356    1   1   1   1   1   1   1   0   0   0   0
18  rs3695988   1   29990732    1   1   1   1   1   1   1   0   0   0   0
20  rs3707642   1   32799125    1   1   1   1   1   1   1   0   0   0   0
21  rs3681732   1   34414162    1   1   1   1   1   1   1   0   0   0   0
24  gnf01.036.770   1   40297949    1   1   1   1   1   1   1   0   0   0   0
25  rs13475827  1   41262551    1   1   1   1   1   1   1   0   0   0   0
26  rs13475834  1   42789902    1   1   1   1   1   1   1   0   0   0   0
28  rs13475847  1   46277649    1   1   1   1   1   1   1   0   0   0   0
30  CEL-1_49993068  1   49993068    1   1   1   1   1   1   1   0   0   0   0
31  rs3724092   1   50613798    1   1   1   1   1   1   1   0   0   0   0
36  rs13475881  1   58775689    1   1   1   1   1   1   1   0   0   0   0
39  rs6322485   1   63649681    1   1   1   1   1   1   0.5 0   0   0   0
41  rs13475902  1   66810982    1   1   1   1   1   1   NA  0   0   NA  0
42  rs6288543   1   68917890    1   1   1   1   1   1   0.5 0   0   0   0
43  rs6312657   1   69408967    1   1   1   1   1   1   0.5 0   0   0   0
46  rs3713616   1   74900046    1   1   1   1   1   1   0.5 0   0   0   0
47  rs13475931  1   76832354    1   1   1   1   1   1   0.5 0   0   0.5 0
48  gnf01.075.385   1   78359030    1   1   1   1   1   1   0.5 0   0   0   0
49  rs13475939  1   79202787    1   1   1   1   1   1   0.5 0   0   0   0
51  rs13475946  1   81235702    1   1   1   1   1   1   0.5 0   0   0   0
52  gnf01.079.218   1   82668689    1   1   1   1   1   1   0.5 0   0   0   0
53  rs3723062   1   85865441    1   1   1   1   1   1   0.5 0   0   0   0
54  UT_1_89.100476  1   87104170    1   1   1   1   1   1   0.5 0   0   0   0
55  rs6195073   1   88494443    1   1   1   1   1   1   0.5 0   0   0   0
56  rs13475980  1   91575836    1   1   1   1   1   1   0.5 0   0   0   0
57  rs6268443   1   93319361    1   1   1   1   1   1   0.5 0   0   0   0
58  rs6157345   1   95497940    1   1   1   1   1   1   NA  0   0   0   0
59  rs3726669   1   96875139    1   1   1   1   1   1   0.5 0   0   0   0
60  rs13476003  1   97677389    1   1   1   1   1   1   0.5 0   0   0   0
61  rs13476012  1   99797518    1   1   1   1   1   1   1   0   0   0   0
62  rs6368370   1   101749052   1   1   1   1   1   1   1   0   0   0   0
65  rs13476036  1   106831730   1   1   1   1   1   1   1   0   0   0   0
66  rs3685919   1   109634975   1   1   1   1   1   1   1   0   0   0   0
67  rs13476050  1   110616212   1   1   1   1   1   1   1   0   0   0   0
68  rs3726043   1   111780707   1   1   1   1   1   1   1   0   0   0   0
69  rs13476061  1   113899609   1   1   1   1   1   1   1   0   0   0   0
71  rs3674655   1   117379659   1   1   1   1   1   1   1   0   0   0   0
73  rs3678634   1   120380872   1   1   1   1   1   1   1   0   0   0   0
74  rs3717360   1   122796548   1   1   1   1   1   1   1   0   0   0.5 0
75  rs3694822   1   123642529   1   1   1   1   1   1   1   0   0   0   0
76  rs4137908   1   125475941   1   1   1   1   1   1   1   0   0   0   0
77  rs6228473   1   126460218   1   1   1   1   1   1   1   0   0   0   0
78  rs13476104  1   128094625   1   1   1   1   1   1   1   0   0   0   0
79  rs3699561   1   130962369   1   1   1   1   1   1   1   0   0   0   0
80  rs3724826   1   131376437   1   1   1   1   1   1   1   0   0   0   0
82  rs8250053   1   135044501   1   1   1   1   1   1   1   0   0   0   0
83  rs6279930   1   137268795   1   1   1   1   1   1   1   0   0   0   0
85  rs13476141  1   140472264   1   1   1   1   1   1   1   0   0   0   0
86  rs6382880   1   142470600   1   1   1   1   1   1   1   0   0   0   0
87  rs13476152  1   144012938   1   1   1   1   1   1   1   0   0   0   0
89  rs13476163  1   146776886   1   1   1   1   1   1   1   0   0   0   0
90  rs6411476   1   148913234   1   1   1   1   1   1   1   0   0   0   0
92  CEL-1_152747565 1   152747565   1   1   1   1   1   1   1   0   0   0   0
102 rs13476229  1   169381101   1   1   1   1   1   1   0   0   0   0   0
103 rs8245216   1   171312251   1   1   1   1   1   1   0   0   0   0   0
104 rs13466711  1   172206556   1   1   1   1   1   1   0   0   0   0   0
105 rs3707910   1   172614886   1   1   1   1   1   1   0   0   0   0   0
106 rs3669108   1   174667766   1   1   1   1   1   1   0   0   0   0   0
107 rs3700831   1   176145762   1   1   1   1   1   1   0   0   0   0   0
109 rs13476265  1   179633768   1   1   1   1   1   1   0.5 0   0   NA  0
113 rs6157620   1   183197685   1   1   1   1   1   1   0.5 0   0   0   0
114 mCV22849619 1   186531848   1   1   1   1   1   1   0.5 0   0   0   0
115 rs3667164   1   188355284   1   1   1   1   1   1   0.5 0   0   0   0
116 rs13476300  1   190164592   1   1   1   1   1   1   0   0   0   0   0
119 rs3713997   2   3181746 1   1   1   1   1   1   0   1   0   0   0
121 rs4136817   2   4258057 1   1   1   1   1   1   0   1   0   0   0
125 rs6240512   2   10929543    1   1   1   1   1   1   0   1   0   0   0
131 rs3674936   2   20427488    1   1   1   1   1   1   0   1   0   0   0
135 rs13476399  2   28249160    1   1   1   1   1   1   0   1   0   0   0
136 rs3154953   2   30147850    1   1   1   1   1   1   0   1   0   0   0
141 rs13476439  2   38071109    1   1   1   1   1   1   0   0   0   0   0
142 rs13476454  2   41244144    1   1   1   1   1   1   0   0   0   0   0
143 rs13476467  2   44361765    1   1   1   1   1   1   0   1   0   0   0
144 rs13476472  2   45653218    1   1   1   1   1   1   0   1   0   0   0
147 CEL-2_50605053  2   50605053    1   1   1   1   1   1   0   0   0   0   0
148 rs3725341   2   51425686    1   1   1   1   1   1   0   1   0   0   0
149 rs13476503  2   53143600    1   1   1   1   1   1   0   1   0   0   0
150 rs3718711   2   56489184    1   1   1   1   1   1   0   1   0   0   0
151 rs3672719   2   58142938    1   1   1   1   1   1   0   1   0   0   0
152 rs13476530  2   59956872    1   1   1   1   1   1   0   1   0   0   0
153 rs4223189   2   61738719    1   1   1   1   1   1   0   1   0   0   0
154 CEL-2_63143553  2   63143553    1   1   1   1   1   1   0   1   0   0   0
155 rs6222797   2   65057687    1   1   1   1   1   1   0   1   0   0   0
156 rs13476553  2   66906537    1   1   1   1   1   1   0   1   0   0   0
160 CEL-2_73370728  2   73370728    1   1   1   1   1   1   0   0   0   0   0
161 rs13476580  2   74776032    1   1   1   1   1   1   0   0   0   0   0
173 rs6316774   2   96787868    1   1   1   1   1   0   1   0   0   0   0
174 rs6378047   2   99378126    1   1   1   NA  NA  0   NA  NA  0   0   0
176 rs13476666  2   101217024   1   1   1   1   1   0   1   0   0   0   0
181 CEL-2_111981058 2   111981058   1   1   1   1   0   0   1   0   0   0   0
182 rs4138562   2   114161459   1   1   1   1   0   0   1   0   0   0   0
183 rs3699172   2   115671423   1   1   1   1   0   0   0   0   0   0   0
185 rs8279354   2   118948317   1   1   1   1   0   0   0   0   0   0   0
186 rs3658927   2   120726441   1   1   1   1   0   0   0   0   0   0   0
188 rs6228179   2   123216313   1   1   1   1   0   0   0   0   0   0   0
189 rs6401493   2   125046796   1   1   1   1   0   0   0   0   0   0   0
190 gnf02.126.027   2   127549770   1   1   1   0   0   0   0   0   0   0   0
191 rs3661596   2   129893838   1   1   1   0   0   0   0   0   0   0   0
193 rs4223511   2   131742558   1   1   1   0   0   0   0   0   0   0   0
194 rs13476783  2   133610154   1   1   1   0   0   0   0   0   0   0   0
196 rs8246404   2   136627476   1   1   1   0   0   0   0   0   0   0   0
200 rs13476817  2   144125632   1   1   1   1   0   0   0   0   0   0   0
204 gnf02.149.271   2   151100533   1   1   1   1   0.5 0   0   0   0   0   0
206 rs6376291   2   154204634   1   1   1   1   0.5 1   0   0   0   0   0
207 rs13476860  2   156330826   1   1   1   1   1   1   0   0   0   0   0
208 rs3695266   2   158068522   1   1   1   1   1   1   1   0   0   0   0
210 rs3664408   2   161443571   1   1   1   1   1   1   1   0   0   0   0
212 rs13476889  2   164370875   1   1   1   1   1   1   1   1   0   0   0
213 rs13476895  2   166374505   1   1   1   1   1   1   1   1   0   0   0
214 CEL-2_168586738 2   168586738   1   1   1   1   1   1   1   1   0   0   0
215 rs3726974   2   169905098   1   1   1   1   1   1   1   1   0   0   0
216 rs13476917  2   171452147   1   1   1   1   1   1   1   1   0   0   0
217 rs13476928  2   174162530   1   1   1   1   1   1   1   0   0   0   0
218 rs13476932  2   174923839   1   1   1   1   1   1   1   0   0   0   0
219 rs13476934  2   178315515   1   1   1   1   1   1   1   0   0   0   0
220 rs6187766   2   179210967   1   1   1   1   1   1   1   1   0   0   0
221 rs3679483   2   179814463   1   1   1   1   1   1   1   1   0   0   0
226 rs13476969  3   9744167 1   1   1   1   1   1   0   1   0   0   0
227 rs13476973  3   11073596    1   1   1   1   1   1   0   1   0   0   0
228 rs6248752   3   12161848    1   1   1   1   1   1   0   1   0   0   0
231 gnf03.015.035   3   17691447    1   1   1   1   1   1   0   1   0   0   0
234 rs13477019  3   23589162    1   1   1   0   0   0   0   0   0   0   0
235 rs3715834   3   26405124    1   1   1   1   1   1   0   1   0   0   0
236 rs13477030  3   27365675    1   1   1   1   1   1   0   1   0   0   0
239 gnf03.030.222   3   33096061    1   1   1   1   1   1   0   1   0   0   0
240 rs4223883   3   33860283    1   1   1   1   1   1   0   1   0   0   0
241 rs6246699   3   36110851    1   1   1   1   1   1   0   1   0   0   0
242 rs6274061   3   38689460    1   1   1   1   1   1   0   0   0   0   0
243 rs6324747   3   39835273    1   1   1   1   1   1   0   0   0   0   0
244 rs3661720   3   41838640    1   1   1   1   1   1   0   0   0   0   0
250 rs6241331   3   52675823    1   1   1   1   1   1   0   1   0   0   0
251 rs6335414   3   53103565    1   1   1   1   1   1   0   1   0   0   0
255 rs13477138  3   60037290    1   1   1   1   1   1   0   1   0   0   0
256 rs13477143  3   61103349    1   1   1   1   1   1   0   1   0   0   0
257 rs13477154  3   63787516    1   1   1   1   1   1   0   1   0   0   0
258 rs6212539   3   65222079    1   1   1   1   1   1   0   1   0   0   0
261 rs6198234   3   70361430    1   1   1   1   1   1   0   1   0   0   0
262 rs6264454   3   71858927    1   1   1   1   1   1   0   1   0   0   0
263 rs13477201  3   75852874    1   1   1   1   1   1   1   1   1   1   0
264 rs13477210  3   77646357    1   1   1   1   1   1   0   1   0   0   0
266 rs13477218  3   80321582    1   1   1   1   1   1   0   1   0   0   0
267 rs13477224  3   81758272    1   1   1   1   1   1   0   1   0   0   0
268 rs13477233  3   83880528    1   1   1   1   1   1   1   1   1   1   0
269 rs3719390   3   85880745    1   1   1   1   1   1   0   1   0   0   0
270 rs6376008   3   87149248    1   1   1   1   1   1   0   1   0   0   0
272 rs6211610   3   90650953    1   1   1   1   1   1   1   1   1   1   0
273 rs13477261  3   92344335    1   1   1   1   1   1   1   1   1   1   0
275 rs13477272  3   95678878    1   1   1   1   1   1   0   0   0   0   0
276 rs3022964   3   97282711    1   1   1   1   1   1   0   0   0   0   0
277 rs3726226   3   98954988    1   1   1   1   1   1   0   0   0   0   0
278 rs3162061   3   100657788   1   1   1   1   1   1   1   1   1   1   0
280 rs3701653   3   103564280   1   1   1   1   1   1   0   0   0   0   0
283 rs13477321  3   109585764   1   1   1   1   1   1   0   0   0   0   0
284 rs3676545   3   110649631   1   1   1   1   1   1   0   0   0   0   0
285 rs3698700   3   112624069   1   1   1   1   1   1   0   0   0   0   0
286 rs3710419   3   116000138   1   1   1   1   1   1   0   0   0   0   0
288 rs3708412   3   118002787   1   1   1   1   1   1   0   0   0   0   0
290 rs3659836   3   122002332   1   1   1   1   1   1   0   0   0   0   0
291 rs13477379  3   123230785   1   1   1   1   1   1   0   0   0   0   0
292 rs13477385  3   125504930   1   1   1   1   1   1   0   1   0   0   0
293 rs3671119   3   126894715   1   1   1   1   1   1   0   1   0   0   0
294 rs3670168   3   128820535   1   1   1   1   1   1   0   1   0   0   0
295 rs13477404  3   130952894   1   1   1   1   1   1   0   1   0   0   0
298 rs13477421  3   134785250   1   1   1   1   1   1   0   0   0   0   0
300 rs13477439  3   138624013   1   1   1   1   1   1   0   1   0   0   0
301 rs13477448  3   140515828   1   1   1   1   1   1   0   1   0   0   0
304 rs6407142   3   143619317   1   1   1   1   1   1   0   0   0   0   0
305 rs3710548   3   146841800   1   1   1   1   1   1   0   0   0   0   0
306 rs3657112   3   148942421   1   1   1   1   1   1   0   0   0   0   0
307 rs13477487  3   150745214   1   1   1   1   1   1   0   0.5 0   0   0
310 gnf03.160.599   3   157755333   1   1   1   1   1   1   0   0   0   0   0
312 rs3695715   4   3649824 1   1   1   1   1   1   1   1   0   0   0
315 rs3660863   4   7127435 1   1   1   1   1   1   1   1   0   0   0
317 rs13477568  4   13764168    1   1   1   1   1   1   0   1   0   0   0
320 CEL-4_19508304  4   19508304    1   1   1   1   1   1   0   1   0   0   0
321 rs13477596  4   20665789    1   1   1   1   1   1   0   0.5 0   0   0
322 gnf04.019.134   4   22305486    1   1   1   1   1   1   0   0.5 0   0   0
323 mCV22919271 4   24149712    1   1   1   1   1   1   0   0.5 0   0   0
324 rs13477617  4   27105003    1   1   1   1   1   1   0   0.5 0   0   0
325 rs3701432   4   29487208    1   1   1   1   1   1   0   0.5 0   0   0
326 CEL-4_30653207  4   30653207    1   1   1   1   1   1   0   0.5 0   0   0
327 rs3663744   4   31215491    1   1   1   1   1   1   0   0.5 0   0   0
328 rs3674908   4   32441103    1   1   1   1   1   1   0   0.5 0   0   0
330 rs3719299   4   36221145    1   1   1   1   1   1   0.5 0   0   0   0
331 rs3684104   4   38414337    1   1   1   1   1   1   0.5 0   0   0   0
332 rs13477662  4   39882315    1   1   1   1   1   1   0.5 0   0   0   0
335 rs13477676  4   44111689    1   1   1   1   1   1   0.5 0   0   0   0
336 rs13477681  4   45420449    1   1   1   1   1   1   0.5 0   0   0   0
337 rs3663355   4   47358427    1   1   1   1   1   1   0   0   0   0   0
340 rs3677770   4   53964528    1   1   1   1   1   1   0   1   0   0   0
341 rs6239799   4   55765284    1   1   1   1   1   1   0   0   0   0   0
342 rs13477726  4   57030578    1   1   1   1   1   1   0   0   0   0   0
343 rs3712541   4   59103430    1   1   1   1   1   1   1   0   0   0   0
344 rs3690581   4   61034761    1   1   1   1   1   1   1   0   0   0   0
347 rs3710245   4   68727690    1   1   1   1   1   1   1   0   0   0   0
348 rs13477765  4   69553312    1   1   1   1   1   1   1   0   0   0   0
349 rs6222684   4   70467819    1   1   1   1   1   1   1   0   0   0   0
350 rs13477774  4   71868643    1   1   1   1   1   1   1   0   0   0   0
351 rs13477785  4   74403260    1   1   1   1   1   1   1   0   0   0   0
352 rs3708471   4   75144974    1   1   1   1   1   1   1   0   0   0   0
354 rs4139273   4   79969982    1   1   1   1   1   1   1   0   0   0   0
355 rs3676928   4   81040027    1   1   1   1   1   1   1   0   0   0   0
356 rs3699276   4   81462943    1   1   1   1   1   1   1   0   0   0   0
357 rs3711477   4   84506191    1   1   1   1   1   1   1   0   0   0   0
358 rs6209043   4   88269130    1   1   1   1   1   1   1   0   0   0   0
360 rs6271003   4   91308682    1   1   1   1   1   1   1   0   0   0   0
362 rs13477860  4   95674511    1   1   1   1   1   1   1   0   0   0   0
363 rs13477866  4   97650355    1   1   1   1   1   1   1   0   0   0   0
367 rs6324470   4   104323754   1   1   1   1   1   1   0   0   0   0   0
368 rs6226080   4   107056497   1   1   1   1   1   1   0   0   0   0   0
369 rs3710617   4   108380717   1   1   1   1   1   1   0   0   0   0   0
372 rs3692563   4   116737689   1   1   1   1   1   1   0   1   0   0   0
373 rs3675629   4   119404209   1   1   1   1   1   1   0   0   0   0   0
375 rs13477959  4   122566268   1   1   1   1   1   1   0   0   0   0   0
378 rs6355837   4   128083691   1   1   1   1   1   1   0   0   0   0   0
379 UT_4_132.137715 4   131705391   1   1   1   1   1   1   0   0   0   0   0
380 rs3663950   4   134187547   1   1   1   1   1   1   0   0   0   0   0
383 rs3688566   4   140026440   1   1   1   1   1   1   0   0   0   0   0
385 rs3023025   4   141638718   1   1   1   1   1   1   0   0   0   0   0
386 rs6230717   4   145785696   1   1   1   1   1   1   0   0   0   0   0
387 rs6268364   4   149902058   1   1   1   1   1   1   0   1   0   0   0
388 rs13478089  4   152316000   1   1   1   1   1   1   0   1   0   0   0
389 rs13478068  4   153104114   1   1   1   1   1   1   0   1   0   0   0
390 rs6279100   4   154069720   1   1   1   1   1   1   0   1   0   0   0
391 mCV24244050 5   3061523 1   1   1   1   1   1   0   1   0   0   0
392 rs13478092  5   3601413 1   1   1   1   1   1   0   1   0   0   0
394 rs3664617   5   4474737 1   1   1   1   1   1   0   1   0   0   0
395 rs6402980   5   5438798 1   1   1   1   1   1   0   1   0   0   0
396 rs6307393   5   7652759 1   1   1   1   1   1   0   1   0   0   0
397 rs13478110  5   9748059 1   1   1   1   1   1   0   1   0   0   0
398 rs3714258   5   11417181    1   1   1   1   1   1   0   1   0   0   0
399 rs3687916   5   13389454    1   1   1   1   1   1   0   1   0   0   0
400 rs6353097   5   13875606    1   1   1   1   1   1   0   1   0   0   0
401 rs3692039   5   16224015    1   1   1   1   1   1   0   1   0   0   0
402 rs6234642   5   17667733    1   1   1   1   1   1   0   1   0   0   0
404 rs13478139  5   21398479    1   1   1   1   1   1   0   1   0   0   0
406 CEL-5_24211033  5   24211033    1   1   1   1   1   1   0   1   0   0   0
407 rs13478154  5   25501830    1   1   1   1   1   1   0   1   0   0   0
408 rs3696671   5   26095730    1   1   1   1   1   1   0   1   0   0   0
410 rs13469943  5   29486094    1   1   1   1   1   1   0   0   0   0   0
411 rs3700706   5   31071103    1   1   1   1   1   1   0   0   0   0   0
414 rs6341620   5   35567326    1   1   1   1   1   1   0   1   0   0   0
415 rs6256504   5   38327673    1   1   1   1   1   1   0   1   0   0   0
416 rs13478205  5   39608047    1   1   1   1   1   1   0   1   0   0   0
417 rs6215373   5   42914749    1   1   1   1   1   1   1   1   0   0   0
422 rs3714001   5   49310150    1   1   1   1   1   1   1   1   0   0   0
423 rs3660964   5   51028268    1   1   1   1   1   1   1   1   0   0   0
424 rs3664008   5   52283097    1   1   1   1   1   1   1   1   1   1   0
425 mCV23125912 5   53853311    1   1   1   1   1   1   1   1   1   1   0
426 CEL-5_56167948  5   56167948    1   1   1   1   1   1   1   1   1   1   0
427 rs3090667   5   58891807    1   1   1   1   1   1   1   1   1   0.5 0
428 rs6354160   5   60155561    1   1   1   1   1   1   1   1   1   1   0
429 rs6187409   5   61437749    1   1   1   1   1   1   1   1   1   1   0
430 mCV23386455 5   62818443    1   1   1   1   1   1   1   1   1   1   0
431 rs4225248   5   65265514    1   1   1   1   1   1   0.5 1   0   0   0
433 gnf05.061.650   5   65952319    1   1   1   1   1   1   0.5 1   0   0   0
434 rs3695107   5   69049778    1   1   1   1   1   1   0.5 1   0   0   0
436 rs6161105   5   73093296    1   1   1   1   1   1   0   0   0   0   0
438 rs13478337  5   76181811    1   1   1   1   1   1   0   0   0   0   0
439 rs13478352  5   79902641    1   1   1   1   1   1   0   0   0   NA  0
440 rs3721607   5   81282125    1   1   1   1   1   1   0   0   0   0   0
441 rs3667334   5   81819770    1   1   1   1   1   1   0   0   0   0   0
442 rs13459087  5   85884364    1   1   1   1   1   1   0   0   0   0   0
443 CEL-5_87173557  5   87173557    1   1   1   1   1   1   0   0   0   0   0
444 gnf05.084.686   5   88364567    1   1   1   1   1   1   0   0   0   0   0
445 rs3673049   5   88498569    1   1   1   1   1   1   0   0   0   0   0
447 rs6232866   5   90936845    1   1   1   1   1   1   0   0   0   0   0
448 rs13478402  5   93496397    1   1   1   1   1   1   0   0   0   0   0
449 CEL-5_93945748  5   93945748    1   1   1   1   1   1   0   0   0   0   0
450 rs3661241   5   95154383    1   1   1   1   1   1   0   0   0   0   0
451 rs3705458   5   96618852    1   1   1   1   1   1   0   0   0   0   0
452 rs13478433  5   101291108   1   1   1   1   1   1   0   0   0   0   0
453 rs13478451  5   106102700   1   1   1   1   1   1   0.5 0   0   0   0
454 rs13459186  5   107435156   1   1   1   1   1   1   0.5 0   0   0   0
455 UT_5_110.343536 5   108678291   1   1   1   1   1   1   0.5 0   0   0   0
456 gnf05.106.197   5   109421273   1   1   1   1   1   1   NA  0   0   0   0
458 gnf05.110.207   5   113532900   1   1   1   1   1   1   0.5 0   0   0   0
459 rs13478483  5   115405250   1   1   1   1   1   1   0.5 0   0   0   0
460 CEL-5_117374791 5   117374791   1   1   1   1   1   1   0.5 0   0   0   0
461 rs8239888   5   119078055   1   1   1   1   1   1   0.5 0   0   0   0
462 rs13478496  5   119747337   1   1   1   1   1   1   0.5 0   0   0   0
463 rs13478501  5   121338564   1   1   1   1   1   1   0.5 0   0   0   0
464 rs3671202   5   122343598   1   1   1   1   1   1   0.5 0   0   0   0
465 gnf05.120.129   5   123654667   1   1   1   1   1   1   0.5 0   0   0   0
466 rs13478518  5   125334324   1   1   1   1   1   1   0.5 0   0   0   0
467 rs13478527  5   126818001   1   1   1   1   1   1   0.5 0   0   0   0
468 gnf05.124.386   5   127936509   1   1   1   1   1   1   0.5 0   0   0   0
471 rs4225536   5   135836567   1   1   1   1   1   1   0   0   0   0   0
473 rs3656197   5   139206611   1   1   1   1   1   1   0   0   0   0   0
474 rs13478574  5   141567331   1   1   1   1   1   1   0   0   0   0   0
475 rs3718776   5   147051702   1   1   1   1   1   1   0   0   0   0   0
476 rs3661828   6   3167392 1   1   1   1   1   1   0   0.5 0   0   0
477 rs13478602  6   3547547 1   1   1   1   1   1   0   0.5 0   0   0
478 rs6172481   6   4362632 1   1   1   1   1   1   0   0.5 0   0   0
479 rs3699833   6   6161470 1   1   1   1   1   1   0   0.5 0   0   0
481 rs13478621  6   8907544 1   1   1   1   1   1   0   0.5 0   0   0
482 rs13478626  6   9890882 1   1   1   1   1   1   0   0.5 0   0   0
483 rs13478631  6   11055603    1   1   1   1   1   1   0   0.5 0   0   0
486 rs3655269   6   17715100    1   1   1   1   1   1   0   0.5 0   0   0
487 rs13478649  6   18376687    1   1   1   1   1   1   0   0.5 0   0   0
488 rs13478656  6   21755667    1   1   1   1   1   1   0   0.5 0   0   0
491 rs13478677  6   27804113    1   1   1   1   1   1   0   1   0   0   0
492 gnf06.026.418   6   29269458    1   1   1   1   1   1   0   1   0   0   0
493 rs13478697  6   32730020    1   1   1   1   1   1   0.5 1   0   0   0
495 rs3704635   6   36040358    1   1   1   1   1   1   0.5 1   0   0   0
499 rs13478727  6   43778689    1   1   1   1   1   1   0.5 1   0   0   0
503 rs4139698   6   49813889    1   1   1   1   1   1   0.5 1   0   0   0
505 rs13478761  6   53702681    1   1   1   1   1   1   0.5 0   0   0   0
506 rs6355719   6   56316458    1   1   1   1   1   1   0.5 0   0   0   0
507 CEL-6_57082524  6   57082524    1   1   1   1   1   1   0.5 0   0   0   0
509 rs13478783  6   60682681    1   1   1   1   0   1   1   0   0   0   0
515 rs13478819  6   73538842    1   1   1   1   1   1   1   0   0   0   0
516 rs3672029   6   75631345    1   1   1   1   1   1   1   0   0   0   0
518 rs13478841  6   78477103    1   1   1   1   1   1   1   0   0   0   0
519 rs6377140   6   80032286    1   1   1   1   1   1   1   0   0   0   0
522 rs13459097  6   85136988    1   1   1   1   1   1   1   0   0   0   0
523 CEL-6_86289708  6   86289708    1   1   1   1   1   1   1   0   0   0   0
524 rs13478882  6   90003224    1   1   1   1   1   1   1   0   0   0   0
525 rs13478891  6   92361613    1   1   1   1   1   1   1   0   0   0   0
527 rs6239023   6   94413050    1   1   1   1   1   1   1   0   0   0   0
531 rs3718735   6   101508462   1   1   1   1   1   1   1   0   0   0   0
532 rs13478943  6   104128964   1   1   1   1   1   1   1   0   0   0   0
538 rs6393943   6   114932370   1   1   1   1   1   1   1   0   0   0   0
539 rs6401637   6   116477552   1   1   1   1   1   1   1   0   0   0   0
540 mCV23042866 6   117147180   1   1   1   1   1   1   1   0   0   0   0
541 rs13478997  6   118461935   1   1   1   1   1   1   1   0   0   0   0
543 rs13479006  6   121702158   1   1   1   1   1   1   1   0   0   0   0
546 rs6200835   6   126340874   1   1   1   1   1   1   1   0   0   0   0
548 rs3681620   6   128654310   1   1   1   1   1   1   1   0   0   0   0
549 CEL-6_130920075 6   130920075   1   1   1   1   1   1   1   0   0   0.5 0
553 rs3023102   6   135439528   1   1   1   1   1   1   1   0   0   0   0
555 rs13479071  6   138359897   1   1   1   1   1   1   0.5 0   0   0   0
558 rs3658783   6   144465978   1   1   1   1   1   1   0.5 0   0   0   0
559 rs6265387   6   147380171   1   1   1   1   1   1   0.5 0   0   0   0
560 rs3711088   6   148456534   1   1   1   1   1   1   0.5 0   0   0   0
561 gnf06.149.306   6   149418695   1   1   1   1   1   1   0.5 0   0   0   0
562 mCV23738426 7   4906617 1   1   1   1   1   1   NA  1   0   0   0
564 rs13479139  7   8241486 1   1   1   1   1   1   0.5 1   0   0   0
565 rs6361142   7   9296425 1   1   1   1   1   1   0.5 1   0   0   0
567 gnf07.013.809   7   10926083    1   1   1   1   1   1   NA  1   0   0   0
568 rs13479153  7   13677268    1   1   1   1   1   1   0.5 1   0   0   0
569 CEL-7_17114061  7   17114061    1   1   1   1   1   1   0   1   0   0   0
571 rs4226520   7   18758740    1   1   1   1   1   1   0   1   0   0   0
572 rs3147860   7   19496283    1   1   1   1   1   1   0   1   0   0   0
578 rs3719256   7   31933809    1   1   1   1   1   1   0.5 0   0   0   0
579 rs8255275   7   33574760    1   1   1   1   1   1   1   1   1   1   0
580 rs8260975   7   33835314    1   1   1   1   1   1   0.5 0   0   0   0
581 CEL-7_36725559  7   36725559    1   1   1   1   1   1   0.5 1   0   0   0
583 rs13479251  7   39863901    1   1   1   1   1   1   1   1   1   1   0
584 rs3718641   7   41170581    1   1   1   1   1   1   NA  1   0   0   0
585 rs3663313   7   43718739    1   1   1   1   1   1   1   1   1   1   0
587 rs13479277  7   46313106    1   1   1   1   1   1   NA  1   0   0   0
588 mCV23423763 7   47949709    1   1   1   1   1   1   0.5 1   0   0   0
589 rs3679779   7   51392430    1   1   1   1   1   1   1   1   1   1   0
590 rs3714908   7   51544526    1   1   1   1   1   1   1   1   1   1   0
591 rs6160140   7   53312532    1   1   1   1   1   1   0.5 1   0   0   0
592 rs3705155   7   55557090    1   1   1   1   1   1   0.5 1   0   0   0
593 rs13479319  7   56830620    1   1   1   1   1   1   1   1   1   1   0
594 rs13479324  7   57878499    1   1   1   1   1   1   0.5 1   0   0   0
595 rs3676254   7   59722158    1   1   1   1   1   1   0.5 1   0   0   0
596 rs13479338  7   61105319    1   1   1   1   1   1   1   1   1   1   0
597 rs13479347  7   63356038    1   1   1   1   1   1   1   1   1   1   0
600 rs13479363  7   68228570    1   1   1   1   1   1   0.5 1   0   0   0
602 rs13479375  7   71406934    1   1   1   1   1   1   1   1   0   0   0
604 rs13479395  7   77234500    1   1   1   1   1   1   1   1   1   1   0
606 rs4226783   7   80158909    1   1   1   1   1   1   1   1   0   0   0
609 rs3707067   7   85992410    1   1   1   1   1   1   1   1   0   0   0
610 rs13479427  7   87305015    1   1   1   1   1   1   1   1   0   0   0
611 rs3713052   7   89115174    1   1   1   1   1   1   1   1   0   0   0
612 rs6357312   7   89751283    1   1   1   1   1   1   1   1   0   0   0
613 rs3673653   7   94344049    1   1   1   1   1   1   1   1   0   0   0
614 rs6386601   7   94870318    1   1   1   1   1   1   1   1   0   0   0
616 rs13479461  7   99220204    1   1   1   1   1   1   0   1   0   0   0
618 rs13479477  7   104533846   1   1   1   1   1   1   0   1   0   0   0
622 rs13479506  7   112152410   1   1   1   1   1   1   1   1   0   0   0
623 rs3682038   7   113814867   1   1   1   1   1   1   1   1   1   1   0
624 rs13479517  7   115461663   1   1   1   1   1   1   1   1   1   1   0
626 rs13479522  7   116540646   1   1   1   1   0   1   1   1   0   0   0
627 rs13479535  7   119192048   1   1   1   1   1   1   1   1   1   1   0
628 rs3716088   7   120621563   1   1   1   1   1   1   1   1   1   1   0
631 rs3663988   7   126965988   1   1   1   1   1   1   0.5 0   0   0   0
632 rs3711570   8   4193008 1   1   1   1   1   1   0   0   0   0   0
633 rs6360601   8   6795642 1   1   1   1   1   1   0   0   0   0   0
634 rs6153168   8   8294541 1   1   1   1   1   1   0   0   0   0   0
635 rs13479608  8   11675148    1   1   1   1   1   1   0   0   0   0   0
638 rs3657963   8   16576750    1   1   1   1   1   1   0   1   0   0   0
639 gnf08.014.711   8   18169937    1   1   1   1   1   1   0   1   0   0   0
640 rs4140004   8   21285113    1   1   1   1   1   1   0   1   0   0   0
641 rs3661760   8   22251497    1   1   1   1   1   1   0   1   0   0   0
642 rs13479656  8   24309617    1   1   1   1   1   1   0   1   0   0   0
644 rs13479673  8   28075869    1   1   1   1   1   1   0   1   0   0   0
645 rs4227096   8   30204827    1   1   1   1   1   1   0   1   0   0   0
646 rs3706948   8   30816540    1   1   1   1   1   1   0   1   0   0   0
647 CEL-8_33812776  8   33812776    1   1   1   1   1   1   0   1   0   0   0
648 rs3665028   8   35164032    1   1   1   1   1   1   0   0   0   0   0
649 rs3667738   8   37536463    1   1   1   1   1   1   0   0   0   0   0
651 rs3703811   8   39770568    1   1   1   1   1   1   0   0   0   0   0
652 rs3666140   8   42081791    1   1   1   1   1   1   0   0   0   0   0
653 rs6386110   8   43934856    1   1   1   1   1   1   0   1   0   0   0
654 UT_8_46.498556  8   45775629    1   1   1   1   1   1   0   0   0   0   0
655 rs3719401   8   48804736    1   1   1   1   1   1   0   0   0   0   0
656 rs13479755  8   50117838    1   1   1   1   1   1   0   0   0   0   0
657 CEL-8_51607005  8   51607005    1   1   1   1   1   1   0   0   0   0   0
658 rs13479768  8   53532210    1   1   1   1   1   1   0   0   0   0   0
659 rs13479776  8   55177326    1   1   1   1   1   1   0   0   0   0   0
660 rs3725286   8   56141367    1   1   1   1   1   1   0   0   0   0   0
667 rs3656875   8   67222604    1   1   1   1   1   1   0   1   0   0   0
668 rs3699406   8   68996069    1   1   1   1   1   1   0   1   0   0   0
669 rs3667475   8   70497527    1   1   1   1   1   1   0   1   0   0   0
670 rs13479830  8   72013995    1   1   1   1   1   1   0   0   0   0   0
671 rs4227253   8   74193741    1   1   1   1   1   1   0   0   0   0   0
672 rs3696502   8   74806749    1   1   1   1   1   1   0   0   0   0   0
678 rs6257357   8   84826788    1   1   1   1   1   1   0.5 0   0   0   0
679 rs13479880  8   86040626    1   1   1   1   1   1   0.5 0   0   0   0
681 rs13479884  8   86954362    1   1   1   1   1   1   0.5 0   0   0   0
682 rs6391152   8   89169668    1   1   1   1   1   1   0.5 0   0   0   0
683 rs13479922  8   91879489    1   1   1   1   1   1   0.5 0   0   0   0
685 rs6285803   8   95323284    1   1   1   1   1   1   0.5 0   0   0   0
686 rs6287320   8   96735663    1   1   1   1   1   1   0.5 0   0   0   0
688 rs3706149   8   100766333   1   1   1   1   1   1   0.5 0   0   0   0
690 rs13479956  8   101681071   1   1   1   1   1   1   0.5 0   0   0   0
691 rs3705275   8   102686478   1   1   1   1   1   1   0.5 0   0   0   0
692 gnf08.108.032   8   106117382   1   1   1   1   1   1   0.5 0   0   0   0
693 rs3662808   8   108727362   1   1   1   1   1   1   0   0   0   0   0
694 rs6237645   8   109333466   1   1   1   1   1   1   0   0   0   0   0
695 rs13479995  8   113066370   1   1   1   1   1   1   0   0   0   0   0
696 rs4227398   8   113744792   1   1   1   1   1   1   0   0   0   0   0
699 rs3708073   8   121235325   1   1   1   1   1   1   0   0   0   0   0
700 rs6377872   8   121825605   1   1   1   1   1   1   0   0   0   0   0
701 rs3705725   8   123350039   1   1   1   1   1   1   0   0   0   0   0
702 rs6400423   8   125966003   1   1   1   1   1   1   0   0   0   0   0
703 rs3697596   8   127236890   1   1   1   1   1   1   0   0   0   0   0
704 mCV23893269 9   3980881 1   1   1   1   1   1   0.5 1   0   0   0
705 mCV23053483 9   6793269 1   1   1   1   1   1   0.5 1   0   0   0
706 rs13480065  9   9289357 1   1   1   1   1   1   0.5 1   0   0   0
709 gnf09.012.310   9   17881329    1   1   1   1   1   1   0.5 1   0   0   0
710 rs13480092  9   18988599    1   1   1   1   1   1   0.5 1   0   0   0
712 rs13480103  9   23359729    1   1   1   1   1   1   0.5 1   0   0   0
714 rs13480112  9   26555143    1   1   1   1   1   1   NA  1   0   0   0
717 rs13480122  9   31136193    1   1   1   1   0   1   0.5 0   0   0   0
718 rs3655898   9   33657166    1   1   1   1   1   1   0.5 1   0   0   0
719 rs3711756   9   34437206    1   1   1   1   1   1   0.5 1   0   0   0
720 UT_9_35.918713  9   35184595    1   1   1   1   1   1   0.5 1   0   0   0
721 rs13480141  9   36959921    1   1   1   1   1   1   0.5 1   0   0   0
722 rs13480150  9   39740553    1   1   1   1   1   1   0.5 1   0   0   0
723 rs3714664   9   40768895    1   1   1   1   1   1   0.5 0   0   0   0
724 rs4135590   9   43060131    1   1   1   1   1   1   0.5 0   0   0   0
725 rs13462199  9   44740915    1   1   1   1   1   1   0.5 0   0   0   0
730 rs3723670   9   52682809    1   1   1   1   1   1   0.5 0   0   0.5 0
731 rs13480208  9   55395056    1   1   1   1   1   1   0.5 0   0   0   0
732 rs3666398   9   56790950    1   1   1   1   1   1   0.5 0   0   0   0
734 rs6224703   9   60196412    1   1   1   1   1   1   0.5 0   0   0   0
735 rs3714012   9   61377354    1   1   1   1   1   1   0   0   0   0   0
737 rs3655717   9   65704935    1   1   1   1   1   1   0   0   0   0   0
738 rs6174757   9   68381485    1   1   1   1   1   1   0   0   0   0   0
740 rs3721056   9   71328971    1   1   1   1   1   1   0   0   0   0   0
742 rs3724833   9   75221496    1   1   1   1   1   1   1   0.5 0   0   0
744 rs6257131   9   79059621    1   1   1   1   1   1   1   0.5 0   0   0
747 rs3676124   9   83548399    1   1   1   1   1   1   1   0   0   0   0
749 rs3700596   9   86745093    1   1   1   1   1   1   1   0   0   0   0
750 rs3669564   9   88325825    1   1   1   1   1   1   1   0   0   0   0
751 gnf09.087.298   9   90513305    1   1   1   1   1   1   1   0   0   0   0
753 rs13480351  9   94137054    1   1   1   1   1   1   1   0   0   0   0
754 CEL-9_95875215  9   95875215    1   1   1   1   1   1   1   0   0   0   0
755 rs3689336   9   96256381    1   1   1   1   1   1   1   0   0   0   0
758 rs3717654   9   101878542   1   1   1   1   1   1   1   0   0   0   0
760 rs3711089   9   105418025   1   1   1   1   1   1   1   0   0   0   0
761 rs13480399  9   106229354   1   1   1   1   1   1   1   0   0   0   0
764 rs13480421  9   111862825   1   1   1   1   1   1   1   0   0   0   0
766 rs6320810   9   115090216   1   1   1   1   1   1   1   1   0   0   0
767 rs3669563   9   117891342   1   1   1   1   1   1   1   0.5 0   0   0
769 rs6304156   9   123162408   1   1   1   1   1   1   1   0   0   0   0
770 rs3721803   10  3343120 1   1   1   1   1   1   1   1   0   0   0
772 rs13480473  10  4778214 1   1   1   1   1   1   1   1   0   0   0
773 rs6185923   10  5384467 1   1   1   1   1   1   1   1   0   0   0
774 rs3664101   10  9286770 1   1   1   1   1   1   1   1   0   0.5 0
775 rs3685588   10  10540887    1   1   1   1   1   1   1   1   0   0   0
776 rs4228112   10  12719980    1   1   1   1   1   1   1   1   0   0   0
778 rs3699409   10  15499377    1   1   1   1   1   1   1   1   0   0   0
779 rs3712394   10  17639020    1   1   1   1   1   1   1   1   0   0   0
781 rs13459119  10  20027450    1   1   1   1   1   1   1   1   0   0   0
782 rs3679120   10  22685808    1   1   1   1   1   1   1   1   0   0   0
783 rs13480547  10  24247475    1   1   1   1   1   1   1   1   0   0   0
784 rs13480554  10  25713665    1   1   1   1   1   1   1   1   0   0   0
789 rs13480578  10  34410603    1   1   1   1   1   1   1   1   0   0   0
790 rs13480579  10  36058713    1   1   1   1   1   1   1   1   0   0   0
791 rs13480581  10  38833025    1   1   1   1   1   1   1   1   0   0   0
792 rs3716113   10  42609040    1   1   1   1   1   1   1   1   0   0   0
793 rs13480601  10  44227379    1   1   1   1   1   1   1   1   0   NA  0
796 rs6382436   10  48683209    1   1   1   1   1   1   1   1   0   0   0
798 rs3696307   10  53783742    1   1   1   1   1   1   0   1   0   0   0
800 rs13480619  10  57805922    1   1   1   1   0   1   0   1   0   0   0
801 CEL-10_58149652 10  58149652    1   1   1   1   0   1   0   1   0   0   0
804 rs3723140   10  66179274    1   1   1   1   1   1   1   1   1   1   0
806 rs13480638  10  69220086    1   1   1   1   1   1   0   1   0   0   0
807 CEL-10_71736974 10  71736974    1   1   1   1   1   1   0   1   0   0   0
808 rs13480652  10  74437771    1   1   1   1   1   1   0   1   0   0   0
809 rs13480657  10  76584143    1   1   1   1   1   1   0   1   0   0   0
811 rs3717445   10  82649121    1   1   1   1   1   1   0   1   0   0   0
819 rs13480712  10  93288075    1   1   1   1   1   1   0   1   0   0   0
820 rs13480716  10  94290709    1   1   1   1   1   1   0   1   0   0   0
821 rs13480722  10  97430180    1   1   1   1   1   1   0   0   0   0   0
825 rs13480734  10  102081906   1   1   1   1   1   1   0   0   0   0   0
827 rs3688351   10  104194765   1   1   1   1   1   1   0   0   0   0   0
828 rs13480749  10  105674831   1   1   1   1   1   1   0   0   0   0   0
829 rs6290359   10  107672808   1   1   1   1   1   1   0   0   0   0   0
830 rs6243755   10  108416966   1   1   1   1   1   1   0   0   0   0   0
831 rs13480759  10  109059096   1   1   1   1   0   1   0   0   0   0   0
832 rs3680872   10  114181187   1   1   1   1   1   1   0   0   0   0   0
833 rs13480773  10  114518973   1   1   1   1   1   1   0   0   0   0   0
835 rs6256918   10  117348939   1   1   1   1   1   1   0   0   0   0   0
840 rs3697243   10  126634957   1   1   1   1   1   1   0   1   0   0   0
842 rs13480836  11  3448985 1   1   1   1   1   1   1   0   0   0   0
843 rs13480837  11  3781731 1   1   1   1   1   1   1   0   0   0   0
846 rs13480854  11  7518795 1   1   1   1   1   1   1   1   0   0   0
847 rs13480863  11  9188410 1   1   1   1   1   1   1   1   0   0   0
848 rs3023249   11  11065936    1   1   1   1   1   1   0   1   0   0   0
849 rs13480875  11  12190600    1   1   1   1   1   1   0   1   0   0   0
852 gnf11.017.294   11  18007841    1   1   1   1   1   1   0   1   0   0   0
853 rs3723987   11  19364495    1   1   1   1   1   1   0.5 1   0   0   0
854 rs3023251   11  20848871    1   1   1   1   1   1   0.5 0.5 0   0   0
856 rs3723990   11  26517914    1   1   1   1   1   1   0   0.5 0   0   0
864 rs6164170   11  39929979    1   1   1   1   1   1   0   0.5 0   0   0
865 rs3701734   11  40967464    1   1   1   1   1   1   0   0.5 0   0   0
866 rs3654344   11  43847855    1   1   1   1   1   1   0   0.5 0   0   0
867 rs13481009  11  46168151    1   1   1   1   1   1   0   0.5 0   0   0
868 rs13481011  11  46568199    1   1   1   1   1   1   0   0.5 0   0   0
869 rs13481014  11  47757117    1   1   1   1   0   1   0   0.5 0   0   0
871 rs13481033  11  54538623    1   1   1   NA  NA  1   NA  NA  0   0   0
872 rs4228731   11  55034293    1   1   1   1   1   1   0   0   0   0   0
873 rs3684076   11  56050650    1   1   1   1   1   1   0   0   0   0   0
874 rs3697686   11  58180077    1   1   1   1   1   1   0   0   0   0   0
875 rs3711357   11  61065104    1   1   1   1   1   1   0   0   0   0   0
876 rs13481061  11  62605165    1   1   1   1   1   1   0   0   0   0   0
877 rs13481071  11  64813366    1   1   1   1   1   1   0   0   0   0   0
878 rs13481076  11  66331400    1   1   1   1   1   1   0   0   0   0   0
879 rs13481084  11  68383073    1   1   1   1   1   1   0   0   0   0   0
882 rs13481094  11  72446973    1   1   1   1   1   1   0   0   0   0   0
883 rs3701609   11  72876179    1   1   1   1   1   1   0   0   0   0   0
884 rs13481109  11  76207708    1   1   1   1   1   1   0   0   0   0   0
885 rs13481119  11  79159755    1   1   1   1   1   1   0   0   0   0   0
887 rs13481127  11  83014191    1   1   1   1   1   1   0   0   0   0   0
888 rs3661657   11  84334033    1   1   1   1   1   1   0   0   0   0   0
889 rs3719581   11  86560546    1   1   1   1   1   1   0   0   0   0   0
890 rs13481145  11  88037356    1   1   1   1   1   1   0   0   0   0   0
891 rs3688955   11  90207658    1   1   1   1   1   1   0   0   0   0   0
893 rs3714299   11  92734680    1   1   1   1   1   1   0   0   0   0   0
895 rs13481173  11  96275988    1   1   1   1   1   1   0   0   0   0   0
896 rs3661058   11  98590564    1   1   1   1   1   1   0   0   0   0   0
900 rs6386362   11  106649550   1   1   1   1   1   1   0   0   0   0   0
901 rs6370458   11  109065922   1   1   1   1   1   1   0   0   0   0   0
902 rs13481227  11  110120256   1   1   1   1   1   1   0   0   0   0   0
903 rs3672597   11  111905327   1   1   1   1   1   1   0   0   0   0   0
904 rs3699056   11  113674817   1   1   1   1   1   1   0   0   0   0   0
905 rs13481247  11  115572156   1   1   1   1   1   1   1   0   0   0   0
911 rs6292954   12  10028881    1   1   1   1   1   1   1   0.5 0   0   0
913 rs13481303  12  12036755    1   1   1   1   1   1   1   0.5 0   0   0
914 rs3655057   12  13507742    1   1   1   1   1   1   1   1   0   0   0
916 rs3706330   12  16713381    1   1   1   1   1   1   1   1   0   0   0
917 rs13481321  12  16811399    1   1   1   1   1   1   1   1   0   0   0
918 rs13481324  12  17701648    1   1   1   1   1   1   1   1   0   0   0
919 rs3717860   12  19689285    1   1   1   1   1   1   1   1   0   0   0
921 rs13481363  12  22949944    1   1   1   1   1   1   1   1   0   0   0
923 UT_12_24.561109 12  24901541    1   1   1   1   1   1   1   1   0   0   0
926 rs13481392  12  30659819    1   1   1   1   1   1   1   1   0   0   0
930 rs13481408  12  35475720    1   1   1   1   1   1   1   1   0   0   0
933 CEL-12_40646532 12  40646532    1   1   1   1   1   1   1   1   0   0   0
935 rs13481445  12  45537591    1   1   1   1   1   1   1   1   0   0   0
936 rs13481454  12  47738222    1   1   1   NA  NA  1   NA  NA  0   0   0
937 rs3670749   12  48181013    1   1   1   1   1   1   0   1   0   0   0
938 rs3700857   12  49142988    1   1   1   1   1   1   0.5 1   0   0   0
940 rs3706319   12  53150903    1   1   1   1   1   1   0.5 1   0   0   0
941 mCV22351241 12  54143643    1   1   1   1   1   1   0.5 1   0   0   0
943 rs3677344   12  59848542    1   1   1   1   1   1   0.5 1   0   0   0
945 rs13481514  12  64869269    1   1   1   1   1   1   1   1   1   1   0
946 rs13481521  12  66729742    1   1   1   1   1   1   1   1   1   1   0
947 rs13481527  12  68166409    1   1   1   1   1   1   0.5 1   0   0   0
948 rs3655558   12  70010856    1   1   1   1   1   1   0.5 1   0   0   0
949 rs13481541  12  71665916    1   1   1   1   1   1   1   1   0   0   0
950 gnf12.077.067   12  73900965    1   1   1   1   1   1   1   1   0   0   0
951 rs3662628   12  74558132    1   1   1   1   1   1   1   1   0   0   0
952 rs13481556  12  75962840    1   1   1   1   1   1   1   1   0   0   0
954 rs13481565  12  79092079    1   1   1   1   1   1   1   1   0   0   0
955 rs3716095   12  82379744    1   1   1   1   1   1   1   1   0   0   0
956 CEL-12_84750094 12  84750094    1   1   1   1   1   1   1   1   0   0   0
957 rs3670410   12  85932990    1   1   1   1   1   1   1   1   0   0   0
958 rs13481588  12  86574038    1   1   1   1   1   1   1   1   0   0   0
961 rs13481604  12  92693591    1   1   1   1   1   1   1   1   0   0   0
962 rs3716084   12  94501426    1   1   1   1   1   1   1   1   0   0   0
963 rs13481614  12  95793494    1   1   1   1   1   1   1   1   0   0   0
970 CEL-12_108727612    12  108727612   1   1   1   1   1   1   1   0   0   0   0
971 rs3023711   12  111163171   1   1   1   1   1   1   1   0   0   0   0
972 rs3692361   12  112704261   1   1   1   1   1   1   1   0   0   0   0
973 rs6329833   12  114227574   1   1   1   1   1   1   1   0   0   0   0
974 rs6215262   13  3556871 1   1   1   1   1   1   0   1   0   0   0
975 rs13481668  13  4242635 1   1   1   1   1   1   0   1   0   0   0
976 rs13481673  13  5374001 1   1   1   1   1   1   0   1   0   0   0
978 rs13481683  13  9267297 1   1   1   1   1   1   0   1   0   0   0
979 rs13481689  13  10721776    1   1   1   1   1   1   0   1   0   0   0
980 rs13481697  13  12961456    1   1   1   1   1   1   0   1   0   0   0
981 rs6348604   13  14769173    1   1   1   1   1   1   0   1   0   0   0
983 rs13481715  13  18523821    1   1   1   1   1   1   0   1   0   0   0
986 rs3663223   13  22465317    1   1   1   1   1   1   1   0   0   0   0
989 rs13481734  13  26416832    1   1   1   1   0   0.5 1   0   0   0   0
992 rs3710348   13  30653000    1   1   1   1   1   1   1   0   0   0   0
996 gnf13.035.637   13  36959616    1   1   1   1   1   1   1   0   0   0   0
997 gnf13.038.133   13  39478973    1   1   1   1   1   1   1   1   0   0   0
998 rs13481783  13  42287337    1   1   1   1   1   1   1   1   0   0   0
999 rs3712907   13  42620079    1   1   1   1   1   1   1   1   0   0   0
1001    rs6411274   13  46624183    1   1   1   1   1   1   1   1   0   0   0
1002    rs6244558   13  47310947    1   1   1   1   1   1   1   1   0   0   0
1003    rs13481809  13  50702277    1   1   1   1   1   1   1   0   0   0   0
1004    rs3693942   13  54042656    1   1   1   1   1   1   1   0   0   0   0
1005    rs3720782   13  55330594    1   1   1   1   1   1   1   0   0   0   0
1006    rs3700819   13  56358945    1   1   1   1   1   1   1   0   0   0   0
1008    rs3690198   13  59860578    1   1   1   1   1   1   1   1   0   0   0
1010    rs3718727   13  65760534    1   1   1   1   1   1   0   1   0   0   0
1011    rs13481871  13  67736821    1   1   1   1   1   1   0   1   0   0   0
1012    rs13481880  13  70810674    1   1   1   1   1   1   0   1   0   0   0
1013    rs13481883  13  71955117    1   1   1   1   1   1   0   1   0   0   0
1014    rs13481893  13  74156236    1   1   1   1   1   1   0   1   0   0   0
1015    gnf13.079.671   13  77019901    1   1   1   1   1   1   0   1   0   0   0
1016    rs13481908  13  78683446    1   1   1   1   1   1   0   1   0   0   0
1018    rs3686443   13  83174585    1   1   1   1   1   1   0   1   0   0   0
1020    rs3655061   13  86241392    1   1   1   1   1   1   0   1   0   0   0
1022    rs6316213   13  88817196    1   1   1   1   1   1   0   1   0   0   0
1023    gnf13.093.328   13  89447298    1   1   1   1   1   1   0   1   0   0   0
1024    rs13481961  13  94000606    1   1   1   1   1   1   0   1   0   0   0
1026    rs4230027   13  97200857    1   1   1   1   1   1   0   1   0   0   0
1027    rs13481983  13  100181409   1   1   1   1   1   1   0   1   0   0   0
1030    rs13481996  13  103563881   1   1   1   1   1   1   0   1   0   0   0
1032    rs13482011  13  107432985   1   1   1   1   1   1   0   1   0   0   0
1033    rs13482019  13  109707882   1   1   1   1   1   1   0   1   0   0   0
1036    rs13482028  13  113209165   1   1   1   1   1   1   1   1   1   1   0
1039    rs6322899   14  5945767 1   1   1   1   1   1   0   0.5 0   0   0
1040    rs3150398   14  7401248 1   1   1   1   1   1   0   0.5 0   0   0
1041    rs13482084  14  8848582 1   1   1   1   1   1   0   0.5 0   0   0
1042    rs6290836   14  9149500 1   1   1   1   1   1   0   0.5 0   0   0
1043    rs3719629   14  12874743    1   1   1   1   1   1   0   0.5 0   0   0
1044    rs3696385   14  14028895    1   1   1   1   1   1   0   0.5 0   0   0
1045    rs3687889   14  15973497    1   1   1   1   1   1   0   0.5 0   0   0
1046    rs13482096  14  19006267    1   1   1   1   1   1   0   1   0   0   0
1047    rs3692121   14  20092583    1   1   1   1   1   1   0   1   0   0   0
1048    rs13482104  14  22364262    1   1   1   1   1   1   0   1   0   0   0
1050    rs4230248   14  27218513    1   1   1   1   1   1   0   0   0   0   0
1051    rs13482124  14  27701835    1   1   1   1   1   1   0   0   0   0   0
1052    rs6313230   14  28306368    1   1   1   1   1   1   0   0   0   0   0
1053    rs3695383   14  29838823    1   1   1   1   1   1   0   0   0   0   0
1054    rs13482135  14  31429298    1   1   1   1   1   1   0   0   0   0   0
1055    rs3701775   14  33391532    1   1   1   1   1   1   0   0   0   0   0
1058    rs13482159  14  38359897    1   1   1   1   1   1   0   0   0   0   0
1059    rs13482170  14  41201261    1   1   1   1   1   1   0   0   0   0   0
1060    mCV24777660 14  42906842    1   1   1   1   1   1   0   0   0   0   0
1061    rs3666583   14  44880408    1   1   1   1   1   1   0   0   0   0   0
1062    rs13482191  14  46619173    1   1   1   1   1   1   0   0   0   0   0
1068    rs3703075   14  54913181    1   1   1   1   1   1   0   0   0   0   0
1069    rs13482231  14  58969551    1   1   1   1   1   1   0   0   0   0   0
1071    rs13482239  14  61543475    1   1   1   1   1   1   0   0   0   0   0
1072    rs13482247  14  63674408    1   1   1   1   1   1   0   0   0   0   0
1073    rs6156908   14  66473686    1   1   1   1   1   1   0   0   0   0   0
1074    rs13459144  14  67681669    1   1   1   1   1   1   1   0   0   0   0
1075    rs13482265  14  70793464    1   1   1   1   1   1   1   0   0   0   0
1079    rs6319148   14  75261976    1   1   1   1   1   1   1   0   0   0   0
1087    rs3692362   14  92002849    1   1   1   1   1   1   1   0   0   0   0
1088    rs6191117   14  92434091    1   1   1   1   1   1   1   0   0   0   0
1089    CEL-14_94845626 14  94845626    1   1   1   1   1   1   1   0   0   0   0
1090    rs13482354  14  98188914    1   1   1   1   1   1   1   0   0   0   0
1092    rs13482356  14  99047545    1   1   1   1   1   1   1   0   0   0   0
1093    gnf14.103.048   14  99774290    1   1   1   1   1   1   1   0   0   0   0
1094    rs3708779   14  103068000   1   1   1   1   1   1   1   0   0   0   0
1095    rs13482375  14  103981340   1   1   1   1   1   1   1   0   0   0   0
1096    rs3726052   14  104244696   1   1   1   1   1   1   1   0   0   0   0
1098    rs6169105   14  109578622   1   1   1   1   1   1   1   0   0   0   0
1099    rs3665550   14  111354233   1   1   1   1   1   1   1   0   0   0   0
1101    rs13482407  14  114388484   1   1   1   1   1   1   1   0   0   0   0
1102    CEL-14_116404928    14  116404928   1   1   1   1   0   1   1   0   0   0   0
1103    rs13459176  15  3104758 1   1   1   1   1   1   0   1   0   0   0
1104    rs13482418  15  3498960 1   1   1   1   1   1   0   1   0   0   0
1105    CEL-15_4222769  15  4222769 1   1   1   1   1   1   0   1   0   0   0
1107    CEL-15_8331158  15  8331158 1   1   1   1   1   1   1   1   0   0   0
1108    CEL-15_9687257  15  9687257 1   1   1   1   1   1   1   1   0   0   0
1109    rs13482431  15  11218285    1   1   1   1   1   1   1   1   0   0   0
1110    rs3711814   15  13122871    1   1   1   1   1   1   1   1   0   0   0
1111    CEL-15_14786403 15  14786403    1   1   1   1   1   1   1   1   0   0   0
1112    CEL-15_15482356 15  15482356    1   1   1   1   1   1   1   1   0   0   0
1113    rs13482455  15  16643375    1   1   1   1   1   1   1   1   0   0   0
1115    rs13482469  15  20978602    1   1   1   1   1   1   0   1   0   0   0
1116    rs13482477  15  22545113    1   1   1   1   1   1   0   1   0   0   0
1117    rs13482482  15  24640823    1   1   1   1   1   1   0   1   0   0   0
1118    rs13482485  15  25491892    1   1   1   1   1   1   0   1   0   0   0
1121    rs13482504  15  30361234    1   1   1   1   1   1   0   1   0   0   0
1122    rs13482509  15  32096277    1   1   1   1   1   1   0   1   0   0   0
1123    rs6188239   15  34383985    1   1   1   1   1   1   0   1   0   0   0
1125    rs3695416   15  38562542    1   1   1   1   1   1   0   1   0   0   0
1128    CEL-15_43206205 15  43206205    1   1   1   1   1   1   0   1   0   0   0
1129    rs13482543  15  43892080    1   1   1   1   1   1   0   1   0   0   0
1131    rs13482558  15  47188758    1   1   1   1   1   1   0   1   0   0   0
1132    rs13482571  15  50021404    1   1   1   1   1   1   0   1   0   0   0
1133    rs3658705   15  51403508    1   1   1   1   1   1   0   1   0   0   0
1137    rs13482595  15  58814425    1   1   1   1   1   1   0   1   0   0   0
1138    rs3683495   15  61406689    1   1   1   1   1   1   0   1   0   0   0
1139    rs13482602  15  61631955    1   1   1   1   1   1   0   1   0   0   0
1142    rs13482628  15  68143270    1   1   1   1   1   1   0   1   0   0   0
1146    rs8259436   15  75141907    1   1   1   1   1   1   0   1   0   0   0
1147    rs3660192   15  78151819    1   1   1   1   1   1   0   0   0   0   0
1148    rs13482661  15  79085767    1   1   1   1   1   1   0   0   0   0   0
1151    rs13482673  15  82560799    1   1   1   1   1   1   0   1   0   0   0
1153    rs13482687  15  86303733    1   1   1   1   1   1   0   1   0   0   0
1154    rs13482695  15  88856958    1   1   1   1   1   1   0   1   0   0   0
1155    rs13482704  15  90816455    1   1   1   1   1   1   0   1   0   0   0
1158    rs6285067   15  95741617    1   1   1   1   1   1   0   0   0   0   0
1159    rs13482729  15  97550224    1   1   1   1   1   1   0   0   0   0   0
1160    rs13482738  15  100255519   1   1   1   1   1   1   0.5 0   0   0   0
1161    rs13482744  15  102030597   1   1   1   1   1   1   0.5 0   0   0   0
1165    rs4231060   16  5907681 1   1   1   1   1   1   0.5 0   0   0   0
1166    rs4158907   16  7650712 1   1   1   1   1   1   0.5 0   0   0   0
1167    rs4160288   16  9258154 1   1   1   1   1   1   0.5 1   0   0   0
1168    rs4162800   16  12215630    1   1   1   1   1   1   0.5 1   0   0   0
1170    rs4165065   16  17188907    1   1   1   1   0   1   0.5 0   0   0   0
1171    rs4165081   16  19654956    1   1   1   1   1   1   0.5 1   0   0   0
1172    rs4165279   16  21155526    1   1   1   1   1   1   0.5 1   0   0   0
1176    rs4167031   16  28698520    1   1   1   1   1   1   0.5 0   0   0   0
1177    rs4168640   16  30855920    1   1   1   1   1   1   0.5 0   0   0   0
1179    rs4171932   16  34183107    1   1   1   1   1   1   0   0   0   0   0
1183    rs4177651   16  40548715    1   1   1   1   1   1   0   0.5 0   0   0
1185    rs4182243   16  46008686    1   1   1   1   1   1   0   0.5 0   0   0
1186    rs4183448   16  47148630    1   1   1   1   1   1   0   0.5 0   0   0
1187    rs4185639   16  50209266    1   1   1   1   1   1   0   0.5 0   0   0
1192    rs4189277   16  57472587    1   1   1   1   1   1   0   0.5 0   0   0
1193    rs4191367   16  59391239    1   1   1   1   1   1   0   1   0   0   0
1195    rs4194417   16  63055086    1   1   1   1   1   1   0   0.5 0   0   0
1196    rs4197150   16  66573423    1   1   1   1   1   1   0   0   0   0   0
1199    rs4200124   16  71033149    1   1   1   1   1   1   0   0   0   0   0
1200    rs4201998   16  72860280    1   1   1   1   1   1   0   0   0   0   0
1202    rs3718160   16  77227010    1   1   1   1   1   1   0   0   0   0   0
1204    rs4211364   16  81210555    1   1   1   1   1   1   0   0   0   0   0
1205    rs4211664   16  83161949    1   1   1   1   1   1   0   0   0   0   0
1206    rs3680665   16  84938923    1   1   1   1   1   1   0   0   0   0   0
1210    petM-01322-2    16  88587815    1   1   1   1   1   1   0   0   0   0   0
1211    rs4219905   16  93471889    1   1   1   1   1   1   0   0   0   0   0
1212    rs3712360   16  94018736    1   1   1   1   1   1   0   0   0   0   0
1213    rs3696981   16  98191753    1   1   1   1   1   1   0   0   0   0   0
1214    rs4136382   17  3388654 1   1   1   1   1   1   1   1   0   0   0
1215    rs13482843  17  4044700 1   1   1   1   1   1   1   1   0   0   0
1218    rs6196216   17  8381669 1   1   1   1   1   1   1   0.5 0   0   0
1221    rs3672065   17  13064499    1   1   1   1   1   1   0   0.5 0   0   0
1222    rs3726555   17  15215815    1   1   1   1   1   1   0.5 0   0   0   0
1223    rs13482899  17  16276466    1   1   1   1   1   1   0.5 0   0   0   0
1224    rs13482914  17  19510335    1   1   1   1   1   1   0.5 0   0   0   0
1225    rs3696835   17  21394398    1   1   1   1   1   1   NA  0   0   0   0
1226    rs3719497   17  24100880    1   1   1   1   1   1   0.5 0   0   0   0
1227    rs6397584   17  26039914    1   1   1   1   1   1   0.5 0   0   0   0
1228    rs3693494   17  28381655    1   1   1   1   1   1   NA  0   0   0   0
1229    rs3672987   17  31726297    1   1   1   1   1   1   0.5 0   0   0   0
1230    rs3682923   17  34343989    1   1   1   1   1   1   0.5 0   0   0   0
1233    rs3702604   17  39103029    1   1   1   1   1   1   0.5 0   0   0   0
1234    CEL-17_39772541 17  39772541    1   1   1   1   1   1   0.5 0   0   0   0
1237    rs6409750   17  45506664    1   1   1   1   1   1   0.5 0   0   0   0
1239    rs3700227   17  50793087    1   1   1   1   1   1   1   0   0   0   0
1240    rs6272475   17  51663908    1   1   1   1   1   1   0.5 0   0   0   0
1241    rs3714226   17  53552802    1   1   1   1   1   1   0.5 0   0   0   0
1242    rs3715723   17  56999568    1   1   1   1   1   1   1   0   0   0   0
1243    rs13483055  17  58655424    1   1   1   1   0   0.5 1   0   0   0   0
1244    gnf17.064.100   17  61107080    1   1   1   1   1   1   1   0   0   0   0
1246    rs3727008   17  66156395    1   1   1   1   1   1   1   1   0   0   0
1248    rs3660112   17  69021924    1   1   1   1   1   1   1   1   0   0   0
1249    rs3675634   17  69670995    1   1   1   1   1   1   1   1   0   0   0
1250    rs3691628   17  70833240    1   1   1   1   1   1   1   1   0   0   0
1252    rs6229946   17  73658199    1   1   1   1   1   1   1   1   0   0   0
1253    rs3663088   17  75526825    1   1   1   1   1   1   1   1   0   0   0
1254    rs13483117  17  77391928    1   1   1   1   1   1   1   1   0   0   0
1255    gnf17.082.284   17  79515223    1   1   1   1   1   1   1   0   0   0   0
1256    gnf17.083.842   17  81077502    1   1   1   1   1   1   0.5 0   0   0   0
1257    rs13483135  17  82051202    1   1   1   1   1   1   NA  0   0   0   0
1259    rs4231720   17  85385338    1   1   1   1   1   1   0.5 1   0   0   0
1261    rs6288047   17  90215134    1   1   1   1   1   1   0   1   0   0   0
1262    rs6397044   17  91938734    1   1   1   1   1   1   0   1   0   0   0
1269    rs3660245   18  9491813 1   1   1   1   1   1   1   1   0   NA  0
1271    rs13483212  18  12477417    1   1   1   1   1   1   1   1   0   0   0
1272    mCV23617245 18  14895705    1   1   1   1   1   1   1   1   0   0   0
1273    rs6361186   18  15373312    1   1   1   1   1   1   1   1   0   0   0
1274    rs6358426   18  16784949    1   1   1   1   1   1   1   1   0   0   0
1275    rs13483244  18  21226461    1   1   1   1   1   1   1   1   0   0   0
1276    rs4138020   18  23001325    1   1   1   1   1   1   1   0   0   0   0
1279    rs13483263  18  26881733    1   1   1   1   1   1   1   0   0   0   0
1281    rs3722973   18  31395543    1   1   1   1   1   1   1   0   0   0   0
1283    rs3725637   18  34867922    1   1   1   1   1   1   1   0   0   0   0
1285    rs3664831   18  37737388    1   1   1   1   1   1   1   0   0   0   0
1286    rs3699816   18  39756682    1   1   1   1   1   1   1   0   0   0   0
1287    rs13483319  18  41351739    1   1   1   1   1   1   1   0   0   0   0
1288    rs3676196   18  43364740    1   1   1   1   1   1   1   0   0   0   0
1289    rs4231834   18  44463060    1   1   1   1   1   1   1   0   0   0   0
1290    CEL-18_46082735 18  46082735    1   1   1   1   1   1   1   0   0   0   0
1292    mCV24106092 18  49464960    1   1   1   1   1   1   1   0   0   0   0
1293    rs3674314   18  51674308    1   1   1   1   1   1   1   0   0   0   0
1295    rs13483368  18  54949689    1   1   1   1   1   1   1   0   0   0   0
1297    rs6328845   18  58310005    1   1   1   1   1   1   1   0   0   0   0
1298    CEL-18_60214752 18  60214752    1   1   1   1   1   1   1   0   0   0   0
1299    rs8237402   18  62695790    1   1   1   1   1   1   1   0   0   0   0
1300    rs3720827   18  63808511    1   1   1   1   1   1   1   0   0   0   0
1301    rs3688789   18  65035105    1   1   1   1   1   1   1   0   0   0   0
1302    rs3691542   18  67000836    1   1   1   1   1   1   1   0   0   0   0
1304    rs13483426  18  70651591    1   1   1   1   1   1   1   0   0   0   0
1307    rs13459193  18  75265583    1   1   1   1   1   1   1   0   0   0   0
1309    rs3706601   18  77890660    1   1   1   1   1   1   1   0   0   0   0
1310    rs3720876   18  80361633    1   1   1   1   1   1   1   0   0   0   0
1311    rs13483462  18  81619936    1   1   1   1   1   1   1   0   0   0   0
1315    rs4137441   18  89120861    1   1   1   1   1   1   1   1   0   0   0
1325    rs3686467   19  16159229    1   1   1   1   1   1   1   1   0   0   0
1326    rs6223359   19  17804343    1   1   1   1   1   1   1   1   0   0   0
1328    rs6372656   19  21112530    1   1   1   1   1   1   1   1   0   0   0
1329    rs6309315   19  22859563    1   1   1   1   1   1   1   1   0   0   0
1332    rs3090325   19  26007713    1   1   1   1   1   1   1   1   0   0   0
1333    UT_19_29.979736 19  29540192    1   1   1   1   1   1   1   1   0   0   0
1335    rs6237466   19  31672951    1   1   1   1   1   1   1   1   0   0   0
1337    gnf19.035.019   19  36467112    1   1   1   1   1   1   1   1   0   0   0
1338    rs3710829   19  37393165    1   1   1   1   1   1   1   1   0   0   0
1339    rs3655407   19  39594395    1   1   1   1   1   1   1   1   0   0   0
1340    rs3656289   19  41749395    1   1   1   1   1   1   1   1   0   0   0
1341    rs3687275   19  42406846    1   1   1   1   1   1   1   1   0   0   0
1342    rs13483643  19  44651448    1   1   1   1   1   1   1   1   0   0   0
1344    rs3023496   19  47482330    1   1   1   1   1   1   1   1   0   0   0
1345    rs6194426   19  49475053    1   1   1   1   1   1   1   1   0   0   0
1346    mCV23069572 19  52162185    1   1   1   1   1   1   1   1   0   0   0
1347    rs6304326   19  52797648    1   1   1   1   1   1   0.5 1   0   0   0
1348    rs13483682  19  54535312    1   1   1   1   1   1   0   1   0   0   0
1351    UT_4_59.889271  19  59475231    1   1   1   1   1   1   0   0   0   0   0
1361    CEL-X_8334947   X   8334947 1   1   1   1   1   1   1   0   0   0   0
1363    rs13483724  X   28552142    1   1   1   1   1   1   0   1   0   0   0
1364    gnfX.023.543    X   31247994    1   1   1   1   1   1   0   1   0   0   0
1365    gnfX.026.801    X   34572975    1   1   1   1   1   1   0   1   0   0   0
1367    CEL-X_39961894  X   39961894    1   1   1   1   1   1   0   1   0   0   0
1368    rs13483738  X   40510546    1   1   1   1   1   1   0   1   0   0   0
1369    rs13483746  X   42770100    1   1   1   1   1   1   0   1   0   0   0
1370    gnfX.035.350    X   43278349    1   1   1   1   1   1   0   1   0   0   0
1371    rs13483750  X   43720683    1   1   1   1   1   1   0   1   0   0   0
1375    rs13483765  X   49186978    1   1   1   1   1   1   0   1   0   0   0
1376    gnfX.044.260    X   52389338    1   1   1   1   1   1   0   1   0   0   0
1382    CEL-X_60181392  X   60181392    1   1   1   1   1   1   0   1   0   0   0
1383    petM-05810-1    X   61228987    1   1   1   1   1   1   0   1   0   0   0
1384    rs3157124   X   63007260    1   1   1   1   1   1   0   1   0   0   0
1387    rs13483831  X   67285372    1   1   1   1   1   1   0   1   0   0   0
1395    rs3725966   X   77048128    1   1   1   1   1   1   0   1   0   0   0
1396    CEL-X_77780392  X   77780392    1   1   1   1   1   1   0   1   0   0   0
1397    rs13483877  X   78499387    1   1   1   1   1   1   0   1   0   0   0
1399    gnfX.076.619    X   84227028    1   1   1   1   1   1   0   1   0   0   0
1409    rs13483921  X   95063466    1   1   1   1   1   1   0   1   0   0   0
1410    rs13483926  X   97492766    1   1   1   1   1   1   0   1   0   0   0
1411    rs13483929  X   98226460    1   1   1   1   1   1   0   1   0   0   0
1416    CEL-X_106858553 X   106858553   1   1   1   1   1   1   0   1   0   0   0
1423    rs6205221   X   120300412   1   1   1   1   1   1   0   1   0   0   0
1424    rs6221690   X   121042456   1   1   1   1   1   1   0   1   0   0   0
1425    rs13483997  X   122120659   1   1   1   1   1   1   0   1   0   0   0
1426    rs13484004  X   123782683   1   1   1   1   1   1   0   1   0   0   0
1427    rs3702256   X   124956381   1   1   1   1   1   1   0   1   0   0   0
1428    CEL-X_125736335 X   125736335   1   1   1   1   1   1   0   1   0   0   0
1429    rs3697198   X   126223821   1   1   1   1   1   1   0   1   0   0   0
1431    rs13484031  X   129847872   1   1   1   1   1   1   0   1   0   0   0
1432    rs13484034  X   130685594   1   1   1   1   1   1   0   1   0   0   0
1433    rs13484042  X   132280571   1   1   1   1   1   1   0   1   0   0   0
1434    rs13484043  X   132699243   1   1   1   1   1   1   0   1   0   0   0
1437    rs13484060  X   136857358   1   1   1   1   1   1   0   1   0   0   0
1439    CEL-X_142652525 X   142652525   1   1   1   1   1   1   0   1   0   0   0
1440    CEL-X_143595976 X   143595976   1   1   1   1   1   1   1   1   0   0   0
1445    CEL-X_154048891 X   154048891   1   1   1   1   1   1   1   0   0   0   0
1446    CEL-X_155542834 X   155542834   1   1   1   1   1   1   1   0   0   0   0
1447    gnfX.146.867    X   156799296   1   1   1   1   1   1   1   0   0   0   0
1448    gnfX.148.995    X   158940488   1   1   1   1   1   1   1   0   0   0   0